NAME	= geoformas
DESCRIPTION	= 
UNIT	= 
DATAFORMAT	= BYTE_UNSIGNED
DATAFILE_OFFSET	= 0
BYTEORDER_BIG	= FALSE
TOPTOBOTTOM	= FALSE
POSITION_XMIN	= 534663.2552000000141561
POSITION_YMIN	= 2306430.5486423419788480
CELLCOUNT_X	= 1913
CELLCOUNT_Y	= 678
CELLSIZE	= 14.9992450078411004
Z_FACTOR	= 1.000000
Z_OFFSET	= 0.000000
NODATA_VALUE	= 0.000000;0.000000
